5.92
7.88
9.76
13.60
15.80
20.20
26.60
31.32
31.68
32.00
48.32
48.56
48.84
49.12
49.40
49.68
50.00
53.48
55.20
56.36
57.80
58.84
59.36
60.32
61.28
62.08
62.92
64.24
65.36
66.52
67.80
68.96
70.44
71.60
73.24
74.20
75.72
77.64
78.84
79.60
80.08
80.60
81.32
85.16
86.00
86.56
87.12
87.72
88.20
88.72
89.20
89.68
90.80
91.08
91.56
91.68
91.76
91.84
91.92
92.00
92.08
92.68
93.20
93.72
94.64
95.24
95.68
96.20
96.72
97.24
97.72
98.04
98.36
98.68
99.00
99.12
99.24
99.36
99.48
99.60
99.72
107.80
110.68
112.04
119.76
121.60
124.44
128.12
133.12
136.36
137.36
140.32
141.92
143.20
144.48
146.32
147.92
148.84
149.88
150.92
152.00
153.08
153.20
153.60
153.84
153.96
154.20
155.44
158.92
160.80
162.56
164.32
167.16
168.64
170.24
171.92
172.12
172.52
172.72
172.92
175.56
176.48
179.28
185.60
186.80
187.80
189.40
191.08
192.72
194.24
195.84
197.52
199.64
201.24
202.68
204.52
207.80
208.20
208.64
209.04
209.80
210.88
214.04
215.80
217.24
219.16
222.04
224.12
226.40
228.24
229.88
233.80
238.52
242.72
243.64
243.76
243.88
244.00
244.12
244.24
244.36
244.48
244.60
245.40
258.76
259.84
261.16
263.08
264.72
265.56
266.68
271.72
278.72
283.28
288.08
292.68
296.28
297.92
300.60
303.04
305.36
318.12
324.16
327.36
332.32
360.92
362.20
364.00
365.48
366.72
367.92
369.96
372.20
377.16
393.84
397.04
399.16
401.24
481.24
481.68
482.16
482.60
483.04
485.08
487.80
492.92
497.60
515.72
520.92
530.56
534.56
537.56
543.20
546.72
549.68
554.00
555.12
558.56
559.80
561.36
567.76
573.84
583.24
588.76
591.20
592.36
593.72
595.44
603.72
604.68
605.40
608.96
613.84
617.32
620.32
622.00
623.12
634.00
635.76
638.64
639.00
639.36
639.72
640.08
640.44
641.16
641.52
642.32
643.80
646.52
649.20
651.44
656.40
658.36
661.36
663.92
666.36
668.08
672.08
673.36
674.28
681.28
683.56
688.40
692.12
693.20
699.84
707.04
707.76
709.68
711.76
739.68
742.80
745.32
750.20
755.08
756.92
760.48
762.28
763.88
766.28
767.88
769.00
771.40
774.40
776.32
779.24
781.56
783.32
789.68
796.80
798.04
799.32
803.00
812.44
817.80
821.04
834.72
836.96
841.08
842.96
864.20
865.96
869.88
872.24
873.80
876.32
878.60
886.40
892.56
893.76
894.96
896.16
897.36
900.52
911.56
916.12
918.52
919.72
921.28
923.68
927.20
934.12
937.04
938.92
946.76
950.44
951.68
952.60
953.52
954.84
956.84
958.44
959.60
963.00
966.12
968.12
969.60
971.80
973.28
975.16
977.72
979.28
980.56
981.44
982.88
984.08
985.40
986.12
988.08
988.52
989.08
989.40
989.68
990.04
993.56
996.40
998.64
1001.68
1004.88
1005.88
1019.28
1020.28
1021.56
1024.08
1028.12
1032.04
1035.52
1036.96
1052.04
1053.48
1054.60
1055.68
1056.92
1058.12
1059.84
1066.00
1070.48
1077.36
1083.40
1086.32
1087.76
1089.04
1090.68
1091.16
1092.28
1094.56
1095.76
1096.96
1098.52
1101.44
1102.88
1104.04
1105.32
1106.48
1107.96
1109.76
1111.20
1112.04
1118.00
1121.64
1122.72
1125.24
1126.68
1130.68
1136.56
1137.56
1138.80
1140.56
1141.80
1143.20
1144.28
1145.28
1146.52
1149.00
1151.96
1160.28
1161.08
1161.36
1161.64
1161.92
1164.28
1167.08
1169.16
1172.24
1173.32
1176.28
1178.76
1181.68
1188.92
1190.04
1190.80
1191.80
1193.88
1196.72
1200.12
1207.64
1232.76
1236.16
1237.60
1239.36
1241.12
1244.40
1249.24
1251.76
1252.80
1255.20
1258.00
1260.56
1262.92
1264.56
1266.16
1269.12
1272.32
1278.16
1279.12
1281.72
1284.40
1286.76
1291.20
1293.32
1297.36
1299.76
1303.72
1305.00
1306.56
1307.72
1308.04
1308.36
1308.52
1310.20
1316.64
1342.20
1343.48
1349.72
1353.48
1362.68
1366.88
1375.44
1380.04
1384.24
1387.44
1391.28
1396.08
1399.36
1403.00
1408.76
1415.08
1424.80
1427.68
1433.40
1460.56
1462.32
1463.56
1464.80
1466.48
1467.92
1469.08
1470.12
1470.68
1471.72
1472.52
1477.48
1480.88
1483.48
1486.64
1495.80
1497.00
1508.20
1509.20
1532.60
1538.24
1568.96
1576.44
1581.28
1582.24
1591.28
1595.32
1598.92
1602.20
1605.40
1607.20
1609.60
1615.88
1621.36
1631.40
1633.76
1634.88
1635.56
1636.92
1639.84
1642.08
1648.76
1650.40
1656.08
1657.96
1659.68
1661.60
1662.84
1664.36
1671.12
1674.52
1682.04
1688.04
1689.32
1691.52
1693.84
1695.68
1697.52
1699.60
1705.04
1707.56
1711.84
1714.84
1716.44
1718.48
1720.84
1723.20
1725.52
1727.44
1738.84
1740.44
1742.20
1745.28
1750.40
1753.92