7.60
10.28
15.64
19.92
23.60
25.40
28.92
31.04
32.68
34.96
35.80
36.48
38.04
40.08
41.04
44.16
44.92
45.76
46.64
48.28
50.00
51.72
52.16
52.68
53.32
53.88
54.60
55.20
59.88
59.92
60.36
60.40
60.44
61.48
61.68
61.72
62.20
62.36
62.40
63.68
64.00
64.48
64.64
64.88
65.00
65.52
66.08
66.80
67.32
68.32
68.36
68.40
68.44
68.56
69.96
70.40
70.56
70.64
70.80
71.44
71.48
72.12
72.60
72.64
72.80
73.04
73.20
73.60
74.00
74.08
74.20
74.56
75.40
77.84
80.48
84.48
86.48
87.32
88.48
89.24
91.48
93.72
93.76
94.24
95.32
96.80
98.00
98.52
99.84
102.00
104.32
106.84
112.56
113.96
115.12
115.88
118.20
122.28
123.72
124.68
126.60
128.20
130.24
132.00
133.04
134.00
135.64
143.64
169.72
170.56
171.52
187.44
190.00
192.64
198.96
202.28
205.04
208.28
210.04
211.24
225.76
230.52
241.00
242.52
246.52
249.64
251.80
255.00
259.20
262.56
266.16
269.88
272.04
279.72
284.60
286.12
288.20
289.52
292.16
295.84
305.52
314.20
316.80
325.36
330.32
333.40
334.40
336.12
347.04
349.76
355.40
358.88
361.32
363.44
366.68
368.88
370.48
375.44
383.96
386.88
404.36
407.80
411.92
414.52
419.48
425.40
427.44
431.16
452.00
460.84
466.68
469.68
473.44
478.48
481.96
483.04
483.96
485.36
526.56
527.88
539.24
543.44
548.24
568.32
571.48
580.56
586.00
587.76
603.40
605.88
610.60
613.00
616.00
620.52
629.04
633.68
644.28
649.16
651.12
652.28
654.12
672.76
677.76
680.80
693.20
699.08
729.04
731.80
735.28
741.60
747.92
748.96
750.32
751.40
754.92
756.36
760.76
764.04
768.08
771.48
774.12
777.12
778.32
780.56
783.32
784.12
785.04
786.56
787.96
789.04
790.20
804.20
809.32
823.04
826.24
828.64
829.88
831.96
834.24
837.28
840.36
842.12
843.76
844.76
845.36
847.00
848.48
851.16
853.08
854.84
856.32
858.44
861.76
863.88
864.96
867.52
871.40
881.64
884.08
885.64
889.80
892.88
894.40
896.28
898.68
901.96
911.68
913.48
914.92
993.72
997.48
1004.80
1008.96
1022.92
1029.72
1035.40
1045.84
1054.72
1089.04
1091.28
1098.96
1100.60
1103.88
1106.56
1117.56
1117.92
1118.64
1127.64
1130.16
1132.48
1135.92
1161.56
1162.60
1164.60
1166.36
1169.00
1176.40
1178.96
1186.52
1189.48
1198.52
1201.60
1208.60
1222.44
1224.88
1226.68
1247.96
1249.64
1251.52
1255.56
1257.64
1260.24
1263.48
1268.96
1271.68
1274.20
1278.36
1281.20
1298.48
1299.64
1300.60
1302.12
1306.60
1307.44
1308.48
1309.08
1310.16
1311.56
1319.76
1321.16
1322.76
1334.24
1335.40
1336.36
1337.60
1338.68
1339.92
1340.92
1341.96
1344.00
1344.96
1345.48
1348.60
1349.52
1350.52