2.56
2.80
2.96
3.08
3.20
3.32
3.44
3.56
3.68
3.80
3.88
3.96
4.04
7.20
7.88
8.00
8.80
9.28
10.08
10.64
11.68
11.88
12.12
13.00
14.20
14.64
15.04
19.68
23.84
24.36
24.80
25.28
34.68
43.64
57.72
60.00
61.76
62.96
64.24
66.36
67.04
67.56
68.28
69.52
71.44
72.24
73.60
74.56
75.52
76.08
76.72
77.08
77.88
78.96
79.88
80.56
81.44
82.72
84.40
86.80
87.96
92.12
97.52
105.84
107.60
117.68
118.72
120.40
121.40
123.56
123.72
126.72
129.24
130.84
132.64
140.04
141.88
147.40
152.32
156.52
159.60
160.24
160.72
162.84
166.52
168.56
174.40
177.20
179.52
208.04
212.96
213.88
214.40
214.68
214.92
215.16
215.40
215.64
215.88
218.60
219.84
220.72
223.32
225.32
226.00
231.12
234.04
236.84
240.80
245.12
263.44
264.24
264.32
264.96
265.72
269.56
273.28
273.88
274.68
275.32
275.72
276.12
276.52
276.92
277.32
277.72
278.12
278.52
278.92
279.32
279.72
289.32
291.36
294.92
297.76
299.36
300.80
301.84
301.88
301.92
302.04
314.16
314.20
316.92
319.28
321.76
324.56
331.68
333.56
338.44
365.16
368.72
378.68
381.20
381.80
382.52
382.56
384.00
387.20
407.44
411.08
414.48
415.68
416.80
418.60
422.04
425.20
427.08
429.40
431.88
432.92
434.40
437.80
451.20
460.48
462.36
463.32
465.48
466.00
466.72
467.56
468.04
468.56
469.12
470.44
471.52
480.36
482.60
485.28
485.40
485.48
487.24
489.44
489.80
490.12
490.28
490.60
490.76
490.92
491.08
491.20
491.28
491.36
491.52
491.60
491.68
496.32
496.72
497.20
498.40
499.08
499.84
500.60
501.72
502.56
503.40
504.28
508.72
511.44
516.04
517.16
518.76
524.00
535.88
539.32
540.20
541.16
542.28
543.40
544.56
545.64
547.04
548.92
550.36
551.36
552.60
553.40
558.48
559.36
560.24
561.20
562.92
568.28
571.12
573.16
574.80
575.88
577.04
578.36
579.72
580.68
581.88
583.40
601.12
603.44
613.60
624.56
625.80
627.08
628.20
629.52
630.40
635.68
637.60
638.52
641.52
642.52
643.44
643.88
644.36
646.56
649.28
653.60
656.72
658.60
659.72
659.96
660.08
660.20
660.76
660.88
661.00
661.84
661.92
664.40
669.20
675.60
682.48
686.40
687.88
688.72
689.84
693.48
695.08
696.20
697.36
698.24
698.88
705.72
708.80
710.36
714.44
716.08
718.92
720.24
724.20
733.16
745.32
746.76
748.48
752.84
755.28
756.52
757.52
759.20
760.72
767.00