6.48
7.20
7.88
9.08
9.80
10.76
11.52
11.88
12.64
13.40
14.44
15.88
24.68
27.08
29.00
30.80
32.24
33.08
33.60
34.04
35.20
36.24
38.20
40.64
41.92
43.20
45.56
51.84
54.68
59.44
62.32
63.76
64.24
64.96
68.04
69.60
71.40
74.20
75.64
79.76
80.40
80.64
83.04
90.68
99.08
100.96
104.08
114.16
121.20
142.20
151.24
154.48
158.32
162.00
170.04
179.24
187.68
207.00
214.60
217.36
218.44
221.44
224.16
225.68
228.92
235.76
240.44
243.08
244.92
248.16
250.08
251.76
253.08
253.28
254.32
255.28
255.32
256.16
263.12
266.20
295.28
297.68
303.60
314.12
317.68
355.68
363.12
364.12
365.96
367.12
368.84
375.88
379.80
381.36
392.60
394.40
395.56
398.08
399.24
399.64
400.20
401.76
405.20
408.20
425.32
429.44
439.48
457.04
459.76
461.68
470.68
495.68
510.12
512.28
513.24
514.20
515.20
516.68
521.52
526.68
530.92
534.68
541.64
544.16
545.40
547.00
548.04
549.68
550.60
551.24
551.96
557.48
564.44
565.20
567.72
572.84
574.32
578.72
580.40
581.16
583.12
584.44
585.60
586.44
602.44
605.52
607.44
612.52
614.20
615.56
616.92
620.28
628.08
629.96
632.12
633.52
635.60
685.08
686.64
688.00
689.68
690.64
691.60
693.92
695.16
696.16
697.64
702.40
707.00
709.76
710.32
711.64
713.00
713.36
713.88
714.60
715.48
721.08
723.80
727.36
731.08
739.20
740.64
741.76
743.20
745.20
747.88
751.36
759.08
760.40
760.48
762.24
765.00
767.48
768.72
769.84
770.64
771.68
772.64
773.56
774.48
775.36
776.68
779.60
779.88
780.16
780.76
781.84
781.88
786.08
786.32
787.20
788.00
789.88
793.00
796.44
802.32
805.40
806.60
808.20
810.84
813.24
816.44
819.16
819.88
820.88
821.96
825.08
826.00
827.40
828.84
829.64
830.48
830.84
831.64
832.52
832.72
832.88
833.00
833.88
834.96
835.28
835.64
835.96
836.40
837.32
837.88
839.16
840.16
841.12
842.52
843.24
844.20
851.04
852.84
854.48
855.40
855.84
856.48
856.96
857.24
858.68
860.80
860.88
860.96
861.08
861.16
861.24
861.32
861.40
862.36
865.00
866.52
867.56
868.12
868.92
872.92
875.68
880.24
880.96
881.88
882.96
884.40
886.80
887.96
890.08
892.48
892.92
894.80
896.56
898.36
900.76
901.40
902.32
905.44
906.76
908.32
908.84
909.20
909.28
911.60
911.80
912.92
915.24
917.24
918.32
919.28
919.40
920.60
926.44
928.56
929.36
929.68
931.36
934.28
935.12
939.12
941.76
946.16
946.76
948.04
950.44
957.88
958.80
962.92
964.88
970.52
971.96
973.80
975.56
984.28
990.48
992.44
994.36
997.88
999.68
1001.84
1008.52
1014.40
1016.36
1021.56
1022.88
1024.16
1026.52
1032.72
1035.56
1037.16
1039.16
1046.52
1048.16
1049.72
1053.96
1059.56
1060.16
1061.68
1063.36
1070.20
1074.04
1075.56
1077.36
1079.40
1081.00
1087.52
1088.88
1093.40
1096.36
1098.92
1102.16
1103.72
1106.32
1108.24
1111.04
1112.84
1116.08
1122.28
1125.32
1128.48
1132.40
1135.68
1137.88
1149.72
1150.84
1153.04
1160.72
1182.84
1186.28
1194.60
1206.36
1215.52
1220.76
1222.44
1223.88
1227.12
1233.32
1237.48
1260.36
1262.72
1264.48
1267.16
1288.96
1298.84
1303.76
1312.36
1320.44
1332.84
1334.08
1334.92
1335.60
1337.04
1341.44
1342.24
1343.96
1344.44
1345.24
1346.80
1360.68
1363.84
1365.40
1366.72
1370.92
1374.96
1376.16
1377.80
1378.60
1379.20
1383.00
1384.96
1386.60
1387.88
1390.12
1392.88
1394.08
1396.72
1399.00
1403.56
1406.16
1413.36
1417.36
1418.04
1418.84
1419.40
1420.68
1422.24
1425.32
1429.20
1430.60
1431.92
1434.32
1437.88
1438.64
1439.56
1440.88
1453.64
1471.56
1474.04
1494.16
1498.48
1506.16
1510.36
1514.48
1519.20
1522.28
1526.56
1539.40
1540.16
1541.04
1542.12
1543.72
1544.60
1545.84
1547.88
1549.64
1551.48
1556.04
1556.84
1557.88
1559.12
1561.00
1562.24
1563.28
1564.80
1566.08
1567.76
1568.64
1570.20
1570.84
1571.92
1573.04
1573.60
1573.64
1573.68
1573.72
1574.44
1575.44
1577.24
1580.96
1584.68
1587.16
1587.36
1589.60
1591.80
1593.92
1597.04
1599.40
1602.60
1606.44
1608.96
1610.84
1612.52
1613.80
1618.16
1621.96
1629.20
1631.48
1633.96
1635.16
1637.68
1641.04
1641.40
1642.04
1642.44
1643.40
1643.92
1644.92
1645.92
1646.44
1647.00
1647.68
1648.84
1657.40
1659.72
1660.56
1661.64
1662.24
1666.52
1675.84
1679.12
1682.20
1684.84
1694.20
1695.00
1696.52
1697.48
1698.52
1700.00
1702.60
1704.32
1705.04
1705.52
1706.08
1711.00
1714.28
1715.00
1717.44
1719.36
1726.04
1730.44
1742.72
1747.16
1754.44
1756.00
1757.60
1758.32
1759.12
1760.40
1762.24
1763.92
1765.36
1769.00
1771.60
1774.16
1779.16
1781.12
1781.92
1782.88
1784.44
1785.24
1785.96
1786.44
1787.16
1788.44
1790.04
1791.00
1791.96
1792.36
1792.96
1793.04
1794.92
1796.16
1797.76
1798.92
1800.16